Четверг 25 сен.2025г.  17:59,,,,,,,,,,,,,,,,,,,,,,,,,,,,,,,,,,
,,,,,,,,,,,,,,,,,,,,,,,,,,,,,,,,,,
ТАРИФНЫЕ РАССТОЯНИЯ (в км) МЕЖДУ ТРАНЗИТНЫМИ ПУНКТАМИ,,,,,,,,,,,,,,,,,,,,,,,,,,,,,,,,,,
Узбекистан,,,,,,,,,,,,,,,,,,,,,,,,,,,,,,,,,,
,,Конечный пункт маршрута,,,,,,,,,,,,,,,,,,,,,,,,,,,,,,,,
,,Амузанг (эксп.),Андижан I,Бекабад (эксп.),Бухара I,Галаба (эксп.),Джумуртау (эксп.),Каракалпакстан (эксп.),Кашкадарья,Келес (эксп.),Коканд I,Кувасай (эксп.),Кудукли (эксп.),Кумкургон,Мароканд,Мискин,Навои,Найманкуль (эксп.),Найманкуль,Нишан (эксп.),Питняк (эксп.),Савай (эксп.),Сувонобод (эксп.),Султанабад (эксп.),Сурханобод (эксп.),Сырдарьинская (эксп.),Ташкент,Термез-Порт (эксп.),Термез,Учкурган (эксп.),Хаваст,Ханабад (эксп.),Ходжадавлет (эксп.),Шават (эксп.)
№ п/п,Начальный пункт маршрута,1,2,3,4,5,6,7,8,9,10,11,12,13,14,15,16,17,18,19,20,21,22,23,24,25,26,27,28,29,30,31,32,33
1,Амузанг (эксп.),0,771,589,350,49,1079,1774,205,921,635,748,208,127,332,944,433,1161,1159,131,987,820,589,820,131,635,711,66,54,777,552,838,448,1079
2,Андижан I,771,0,182,670,918,1213,1722,566,402,136,101,871,830,439,1078,577,1295,1293,640,1121,49,182,49,640,302,378,915,903,67,219,67,768,1213
3,Бекабад (эксп.),589,182,0,488,736,1031,1540,384,220,46,159,689,648,257,896,395,1113,1111,458,939,231,,231,458,120,195,733,721,188,37,249,586,1031
4,Бухара I,350,670,488,0,497,729,1238,145,634,534,647,450,409,231,594,93,811,809,219,637,719,488,719,219,534,610,494,482,676,451,737,98,729
5,Галаба (эксп.),49,918,736,497,0,1226,1735,352,882,782,895,169,88,479,1091,590,1308,1306,402,1134,967,736,967,92,782,858,27,15,924,699,985,595,1226
6,Джумуртау (эксп.),1079,1213,1031,729,1226,0,779,874,1177,1077,1190,1179,1138,774,135,636,352,350,948,130,1262,1031,1262,948,1077,1153,1223,1211,1219,994,1280,827,
7,Каракалпакстан (эксп.),1774,1722,1540,1238,1735,779,0,1383,1686,1586,1699,1728,1647,1283,644,1145,431,429,1457,687,1771,1540,1771,1797,1546,1662,1732,1720,1728,1503,1789,1336,779
8,Кашкадарья,205,566,384,145,352,874,1383,0,530,430,543,305,264,127,739,238,956,954,74,782,615,384,615,74,430,506,349,337,572,347,633,243,874
9,Келес (эксп.),921,402,220,634,882,1177,1686,530,0,266,379,875,794,403,1042,541,1259,1257,604,1085,451,220,451,944,122,24,879,867,408,183,469,732,1177
10,Коканд I,635,136,46,534,782,1077,1586,430,266,0,113,735,694,303,942,441,1159,1157,504,985,185,46,185,504,166,242,779,767,142,83,203,632,1077
11,Кувасай (эксп.),748,101,159,647,895,1190,1699,543,379,113,0,848,807,416,1055,554,1272,1270,617,1098,150,159,150,617,279,355,892,880,168,196,168,745,1190
12,Кудукли (эксп.),208,871,689,450,169,1179,1728,305,875,735,848,0,81,432,1044,543,1261,1259,231,1087,920,689,920,231,735,811,166,154,877,652,938,548,1179
13,Кумкургон,127,830,648,409,88,1138,1647,264,794,694,807,81,0,391,1003,502,1220,1218,314,1046,879,648,879,150,694,770,85,73,836,611,897,507,1138
14,Мароканд,332,439,257,231,479,774,1283,127,403,303,416,432,391,0,639,138,856,854,201,682,488,257,488,201,303,379,476,464,445,220,506,329,774
15,Мискин,944,1078,896,594,1091,135,644,739,1042,942,1055,1044,1003,639,0,501,217,215,813,43,1127,896,1127,813,942,1018,1088,1076,1084,859,1145,692,135
16,Навои,433,577,395,93,590,636,1145,238,541,441,554,543,502,138,501,0,718,716,312,544,626,395,626,312,441,517,587,575,583,358,644,191,636
17,Найманкуль (эксп.),1161,1295,1113,811,1308,352,431,956,1259,1159,1272,1261,1220,856,217,718,0,2,1030,261,1344,1113,1344,1030,1159,1235,1305,1293,1301,1076,1362,909,352
18,Найманкуль,1159,1293,1111,809,1306,350,429,954,1257,1157,1270,1259,1218,854,215,716,2,0,1028,258,1342,1111,1342,1028,1157,1233,1303,1291,1299,1074,1360,907,350
19,Нишан (эксп.),131,640,458,219,402,948,1457,74,604,504,617,231,314,201,813,312,1030,1028,0,856,689,458,689,,504,580,399,367,646,421,707,317,948
20,Питняк (эксп.),987,1121,939,637,1134,130,687,782,1085,985,1098,1087,1046,682,43,544,261,258,856,0,1170,939,1170,856,985,1061,1131,1119,1127,902,1188,735,130
21,Савай (эксп.),820,49,231,719,967,1262,1771,615,451,185,150,920,879,488,1127,626,1344,1342,689,1170,0,231,,689,351,427,964,952,116,268,18,817,1262
22,Сувонобод (эксп.),589,182,,488,736,1031,1540,384,220,46,159,689,648,257,896,395,1113,1111,458,939,231,0,231,458,120,196,733,721,188,37,249,586,1031
23,Султанабад (эксп.),820,49,231,719,967,1262,1771,615,451,185,150,920,879,488,1127,626,1344,1342,689,1170,,231,0,689,351,427,964,952,116,268,18,817,1262
24,Сурханобод (эксп.),131,640,458,219,92,948,1797,74,944,504,617,231,150,201,813,312,1030,1028,,856,689,458,689,0,504,580,89,77,646,421,707,317,948
25,Сырдарьинская (эксп.),635,302,120,534,782,1077,1546,430,122,166,279,735,694,303,942,441,1159,1157,504,985,351,120,351,504,0,98,779,767,308,83,369,632,1077
26,Ташкент,711,378,195,610,858,1153,1662,506,24,242,355,811,770,379,1018,517,1235,1233,580,1061,427,196,427,580,98,0,855,843,384,159,445,708,1153
27,Термез-Порт (эксп.),66,915,733,494,27,1223,1732,349,879,779,892,166,85,476,1088,587,1305,1303,399,1131,964,733,964,89,779,855,0,12,921,692,982,592,1223
28,Термез,54,903,721,482,15,1211,1720,337,867,767,880,154,73,464,1076,575,1293,1291,367,1119,952,721,952,77,767,843,12,0,909,680,970,580,1211
29,Учкурган (эксп.),777,67,188,676,924,1219,1728,572,408,142,168,877,836,445,1084,583,1301,1299,646,1127,116,188,116,646,308,384,921,909,0,225,134,774,1219
30,Хаваст,552,219,37,451,699,994,1503,347,183,83,196,652,611,220,859,358,1076,1074,421,902,268,37,268,421,83,159,692,680,225,0,286,549,994
31,Ханабад (эксп.),838,67,249,737,985,1280,1789,633,469,203,168,938,897,506,1145,644,1362,1360,707,1188,18,249,18,707,369,445,982,970,134,286,0,835,1280
32,Ходжадавлет (эксп.),448,768,586,98,595,827,1336,243,732,632,745,548,507,329,692,191,909,907,317,735,817,586,817,317,632,708,592,580,774,549,835,0,827
33,Шават (эксп.),1079,1213,1031,729,1226,,779,874,1177,1077,1190,1179,1138,774,135,636,352,350,948,130,1262,1031,1262,948,1077,1153,1223,1211,1219,994,1280,827,0
